Pmt #,Due date,Payment_amount,Principal_paid,Interest_paid,Remaining_balance
1,2025-05-01 00:00:00-06:00,308.03,200.53,107.5,29799.47
2,2025-06-01 00:00:00-06:00,308.03,201.25,106.78,29598.22
3,2025-07-01 00:00:00-06:00,308.03,201.97,106.06,29396.25
4,2025-08-01 00:00:00-06:00,308.03,202.69,105.34,29193.56
5,2025-09-01 00:00:00-06:00,308.03,203.42,104.61,28990.14
6,2025-10-01 00:00:00-06:00,308.03,204.15,103.88,28785.99
7,2025-11-01 00:00:00-06:00,308.03,204.88,103.15,28581.11
8,2025-12-01 00:00:00-07:00,308.03,205.61,102.42,28375.5
9,2026-01-01 00:00:00-07:00,308.03,206.35,101.68,28169.15
10,2026-02-01 00:00:00-07:00,308.03,207.09,100.94,27962.06
11,2026-03-01 00:00:00-07:00,308.03,207.83,100.2,27754.23
12,2026-04-01 00:00:00-06:00,308.03,208.58,99.45,27545.65
13,2026-05-01 00:00:00-06:00,308.03,209.32,98.71,27336.33
14,2026-06-01 00:00:00-06:00,308.03,210.07,97.96,27126.26
15,2026-07-01 00:00:00-06:00,308.03,210.83,97.2,26915.43
16,2026-08-01 00:00:00-06:00,308.03,211.58,96.45,26703.85
17,2026-09-01 00:00:00-06:00,308.03,212.34,95.69,26491.51
18,2026-10-01 00:00:00-06:00,308.03,213.1,94.93,26278.41
19,2026-11-01 00:00:00-06:00,308.03,213.87,94.16,26064.54
20,2026-12-01 00:00:00-07:00,308.03,214.63,93.4,25849.91
21,2027-01-01 00:00:00-07:00,308.03,215.4,92.63,25634.51
22,2027-02-01 00:00:00-07:00,308.03,216.17,91.86,25418.34
23,2027-03-01 00:00:00-07:00,308.03,216.95,91.08,25201.39
24,2027-04-01 00:00:00-06:00,308.03,217.73,90.3,24983.66
25,2027-05-01 00:00:00-06:00,308.03,218.51,89.52,24765.15
26,2027-06-01 00:00:00-06:00,308.03,219.29,88.74,24545.86
27,2027-07-01 00:00:00-06:00,308.03,220.07,87.96,24325.79
28,2027-08-01 00:00:00-06:00,308.03,220.86,87.17,24104.93
29,2027-09-01 00:00:00-06:00,308.03,221.65,86.38,23883.28
30,2027-10-01 00:00:00-06:00,308.03,222.45,85.58,23660.83
31,2027-11-01 00:00:00-06:00,308.03,223.25,84.78,23437.58
32,2027-12-01 00:00:00-07:00,308.03,224.05,83.98,23213.53
33,2028-01-01 00:00:00-07:00,308.03,224.85,83.18,22988.68
34,2028-02-01 00:00:00-07:00,308.03,225.65,82.38,22763.03
35,2028-03-01 00:00:00-07:00,308.03,226.46,81.57,22536.57
36,2028-04-01 00:00:00-06:00,308.03,227.27,80.76,22309.3
37,2028-05-01 00:00:00-06:00,308.03,228.09,79.94,22081.21
38,2028-06-01 00:00:00-06:00,308.03,228.91,79.12,21852.3
39,2028-07-01 00:00:00-06:00,308.03,229.73,78.3,21622.57
40,2028-08-01 00:00:00-06:00,308.03,230.55,77.48,21392.02
41,2028-09-01 00:00:00-06:00,308.03,231.38,76.65,21160.64
42,2028-10-01 00:00:00-06:00,308.03,232.2,75.83,20928.44
43,2028-11-01 00:00:00-06:00,308.03,233.04,74.99,20695.4
44,2028-12-01 00:00:00-07:00,308.03,233.87,74.16,20461.53
45,2029-01-01 00:00:00-07:00,308.03,234.71,73.32,20226.82
46,2029-02-01 00:00:00-07:00,308.03,235.55,72.48,19991.27
47,2029-03-01 00:00:00-07:00,308.03,236.39,71.64,19754.88
48,2029-04-01 00:00:00-06:00,308.03,237.24,70.79,19517.64
49,2029-05-01 00:00:00-06:00,308.03,238.09,69.94,19279.55
50,2029-06-01 00:00:00-06:00,308.03,238.94,69.09,19040.61
51,2029-07-01 00:00:00-06:00,308.03,239.8,68.23,18800.81
52,2029-08-01 00:00:00-06:00,308.03,240.66,67.37,18560.15
53,2029-09-01 00:00:00-06:00,308.03,241.52,66.51,18318.63
54,2029-10-01 00:00:00-06:00,308.03,242.39,65.64,18076.24
55,2029-11-01 00:00:00-06:00,308.03,243.26,64.77,17832.98
56,2029-12-01 00:00:00-07:00,308.03,244.13,63.9,17588.85
57,2030-01-01 00:00:00-07:00,308.03,245.0,63.03,17343.85
58,2030-02-01 00:00:00-07:00,308.03,245.88,62.15,17097.97
59,2030-03-01 00:00:00-07:00,308.03,246.76,61.27,16851.21
60,2030-04-01 00:00:00-06:00,308.03,247.65,60.38,16603.56
61,2030-05-01 00:00:00-06:00,308.03,248.53,59.5,16355.03
62,2030-06-01 00:00:00-06:00,308.03,249.42,58.61,16105.61
63,2030-07-01 00:00:00-06:00,308.03,250.32,57.71,15855.29
64,2030-08-01 00:00:00-06:00,308.03,251.22,56.81,15604.07
65,2030-09-01 00:00:00-06:00,308.03,252.12,55.91,15351.95
66,2030-10-01 00:00:00-06:00,308.03,253.02,55.01,15098.93
67,2030-11-01 00:00:00-06:00,308.03,253.93,54.1,14845.0
68,2030-12-01 00:00:00-07:00,308.03,254.84,53.19,14590.16
69,2031-01-01 00:00:00-07:00,308.03,255.75,52.28,14334.41
70,2031-02-01 00:00:00-07:00,308.03,256.67,51.36,14077.74
71,2031-03-01 00:00:00-07:00,308.03,257.58,50.45,13820.16
72,2031-04-01 00:00:00-06:00,308.03,258.51,49.52,13561.65
73,2031-05-01 00:00:00-06:00,308.03,259.43,48.6,13302.22
74,2031-06-01 00:00:00-06:00,308.03,260.36,47.67,13041.86
75,2031-07-01 00:00:00-06:00,308.03,261.3,46.73,12780.56
76,2031-08-01 00:00:00-06:00,308.03,262.23,45.8,12518.33
77,2031-09-01 00:00:00-06:00,308.03,263.17,44.86,12255.16
78,2031-10-01 00:00:00-06:00,308.03,264.12,43.91,11991.04
79,2031-11-01 00:00:00-06:00,308.03,265.06,42.97,11725.98
80,2031-12-01 00:00:00-07:00,308.03,266.01,42.02,11459.97
81,2032-01-01 00:00:00-07:00,308.03,266.97,41.06,11193.0
82,2032-02-01 00:00:00-07:00,308.03,267.92,40.11,10925.08
83,2032-03-01 00:00:00-07:00,308.03,268.88,39.15,10656.2
84,2032-04-01 00:00:00-06:00,308.03,269.85,38.18,10386.35
85,2032-05-01 00:00:00-06:00,308.03,270.81,37.22,10115.54
86,2032-06-01 00:00:00-06:00,308.03,271.78,36.25,9843.76
87,2032-07-01 00:00:00-06:00,308.03,272.76,35.27,9571.0
88,2032-08-01 00:00:00-06:00,308.03,273.73,34.3,9297.27
89,2032-09-01 00:00:00-06:00,308.03,274.71,33.32,9022.56
90,2032-10-01 00:00:00-06:00,308.03,275.7,32.33,8746.86
91,2032-11-01 00:00:00-06:00,308.03,276.69,31.34,8470.17
92,2032-12-01 00:00:00-07:00,308.03,277.68,30.35,8192.49
93,2033-01-01 00:00:00-07:00,308.03,278.67,29.36,7913.82
94,2033-02-01 00:00:00-07:00,308.03,279.67,28.36,7634.15
95,2033-03-01 00:00:00-07:00,308.03,280.67,27.36,7353.48
96,2033-04-01 00:00:00-06:00,308.03,281.68,26.35,7071.8
97,2033-05-01 00:00:00-06:00,308.03,282.69,25.34,6789.11
98,2033-06-01 00:00:00-06:00,308.03,283.7,24.33,6505.41
99,2033-07-01 00:00:00-06:00,308.03,284.72,23.31,6220.69
100,2033-08-01 00:00:00-06:00,308.03,285.74,22.29,5934.95
101,2033-09-01 00:00:00-06:00,308.03,286.76,21.27,5648.19
102,2033-10-01 00:00:00-06:00,308.03,287.79,20.24,5360.4
103,2033-11-01 00:00:00-06:00,308.03,288.82,19.21,5071.58
104,2033-12-01 00:00:00-07:00,308.03,289.86,18.17,4781.72
105,2034-01-01 00:00:00-07:00,308.03,290.9,17.13,4490.82
106,2034-02-01 00:00:00-07:00,308.03,291.94,16.09,4198.88
107,2034-03-01 00:00:00-07:00,308.03,292.98,15.05,3905.9
108,2034-04-01 00:00:00-06:00,308.03,294.03,14.0,3611.87
109,2034-05-01 00:00:00-06:00,308.03,295.09,12.94,3316.78
110,2034-06-01 00:00:00-06:00,308.03,296.14,11.89,3020.64
111,2034-07-01 00:00:00-06:00,308.03,297.21,10.82,2723.43
112,2034-08-01 00:00:00-06:00,308.03,298.27,9.76,2425.16
113,2034-09-01 00:00:00-06:00,308.03,299.34,8.69,2125.82
114,2034-10-01 00:00:00-06:00,308.03,300.41,7.62,1825.41
115,2034-11-01 00:00:00-06:00,308.03,301.49,6.54,1523.92
116,2034-12-01 00:00:00-07:00,308.03,302.57,5.46,1221.35
117,2035-01-01 00:00:00-07:00,308.03,303.65,4.38,917.7
118,2035-02-01 00:00:00-07:00,308.03,304.74,3.29,612.96
119,2035-03-01 00:00:00-07:00,308.03,305.83,2.2,307.13
120,2035-04-01 00:00:00-06:00,308.03,308.23,1.1,0.0
